Template: NONE
DangerType: Flood
CeilingDrips: 0.5978261
WaveSpeed: 0.5652174
Clouds: 0
Grime: 0.3913043
RandomItemDensity: 0.7282609
Palette: 4
EffectColorA: 2
EffectColorB: 10
Effects: SunBlock-0.3369565-20-20, MurkyWater-0.3478261-30-30, 
PlacedObjects: JellyFish><189.6544><75.32435><-123~99~0~3, 
FadePalette: 8, 0.3043478
